name: torch
channels:
- pytorch
- conda-forge
- defaults
dependencies:
- backcall=0.1.0=py_0
- backports=1.0=py36_1
- backports.functools_lru_cache=1.4=py36_1
- beautifulsoup4=4.6.0=py36_0
- blosc=1.15.1=hfc679d8_0
- bzip2=1.0.6=h470a237_2
- ca-certificates=2018.11.29=ha4d7672_0
- cairo=1.14.12=he6fea26_5
- dbus=1.13.0=h3a4f0e9_0
- dill=0.2.7.1=py36_0
- expat=2.2.5=hfc679d8_2
- ffmpeg=4.0.2=ha0c5888_2
- fontconfig=2.13.1=h65d0f4c_0
- freetype=2.9.1=h6debe1e_4
- gettext=0.19.8.1=h5e8e0c9_1
- giflib=5.1.4=h470a237_1
- glib=2.55.0=h464dc38_2
- gmp=6.1.2=hfc679d8_0
- gnutls=3.5.19=h2a4e5f8_1
- graphite2=1.3.12=hfc679d8_1
- gst-plugins-base=1.12.5=hde13a9d_0
- gstreamer=1.12.5=h61a6719_0
- harfbuzz=1.9.0=h08d66d9_0
- icu=58.2=0
- ipdb=0.10.3=py36_0
- ipython=6.5.0=py36_0
- jasper=1.900.1=hff1ad4c_5
- jpeg=9c=h470a237_1
- jupyterlab=0.34.3=py36_0
- jupyterlab_launcher=0.13.1=py_2
- kiwisolver=1.0.1=py36h2d50403_2
- libedit=3.1.20170329=0
- libiconv=1.15=h470a237_3
- libpng=1.6.34=0
- libtiff=4.0.9=0
- libuuid=2.32.1=h470a237_2
- libwebp=0.5.2=7
- libxml2=2.9.8=h422b904_5
- lzo=2.10=h470a237_0
- ncurses=5.9=10
- nettle=3.3=0
- ninja=1.8.2=1
- numexpr=2.6.4=py36_0
- openblas=0.2.20=8
- openh264=1.8.0=hd28b015_0
- openssl=1.0.2p=h470a237_1
- pixman=0.34.0=h470a237_3
- pyyaml=3.12=py36_1
- qt=5.6.2=hf70d934_9
- readline=7.0=0
- tk=8.6.7=0
- x264=1!152.20180717=h470a237_1
- xorg-kbproto=1.0.7=h470a237_2
- xorg-libice=1.0.9=h470a237_4
- xorg-libsm=1.2.3=h8c8a85c_0
- xorg-libx11=1.6.6=h470a237_0
- xorg-libxext=1.3.3=h470a237_4
- xorg-libxrender=0.9.10=h470a237_2
- xorg-renderproto=0.11.1=h470a237_2
- xorg-xextproto=7.3.0=h470a237_2
- xorg-xproto=7.0.31=h470a237_7
- xz=5.2.4=h470a237_1
- yaml=0.1.7=0
- zlib=1.2.11=0
- blas=1.0=mkl
- bleach=1.5.0=py36_0
- cffi=1.10.0=py36_0
- cudatoolkit=8.0=3
- cudnn=7.0.5=cuda8.0_0
- cycler=0.10.0=py36_0
- decorator=4.0.11=py36_0
- entrypoints=0.2.2=py36_1
- h5py=2.8.0=py36h989c5e5_3
- hdf5=1.10.2=hba1933b_1
- html5lib=0.999=py36_0
- intel-openmp=2018.0.0=hc7b2577_8
- ipykernel=4.6.1=py36_0
- ipython_genutils=0.2.0=py36_0
- ipywidgets=6.0.0=py36_0
- jbig=2.1=0
- jedi=0.10.2=py36_2
- jinja2=2.9.6=py36_0
- jsonschema=2.6.0=py36_0
- jupyter=1.0.0=py36_3
- jupyter_client=5.0.1=py36_0
- jupyter_console=5.1.0=py36_0
- jupyter_core=4.3.0=py36_0
- libffi=3.2.1=1
- libgcc=5.2.0=0
- libgcc-ng=8.2.0=hdf63c60_1
- libgfortran=3.0.0=1
- libgfortran-ng=7.2.0=h9f7466a_2
- libprotobuf=3.6.1=hd408876_0
- libsodium=1.0.10=0
- libstdcxx-ng=8.2.0=hdf63c60_1
- libxcb=1.12=1
- markupsafe=0.23=py36_2
- matplotlib=2.2.2=py36hb69df0a_2
- mistune=0.7.4=py36_0
- mkl=2018.0.2=1
- nbconvert=5.1.1=py36_0
- nbformat=4.3.0=py36_0
- nccl=1.3.4=cuda8.0_1
- notebook=5.0.0=py36_0
- numpy=1.12.1=py36he24570b_1
- olefile=0.44=py36_0
- opencv=3.4.1=py36h6fd60c2_1
- pandas=0.20.1=np112py36_0
- pandocfilters=1.4.1=py36_0
- path.py=10.3.1=py36_0
- pcre=8.39=1
- pexpect=4.2.1=py36_0
- pickleshare=0.7.4=py36_0
- pillow=5.2.0=py36heded4f4_0
- pip=9.0.1=py36_1
- prompt_toolkit=1.0.14=py36_0
- protobuf=3.6.1=py36he6710b0_0
- ptyprocess=0.5.1=py36_0
- pycparser=2.17=py36_0
- pygments=2.2.0=py36_0
- pyparsing=2.1.4=py36_0
- pyqt=5.6.0=py36_2
- pytables=3.4.4=py36ha205bf6_0
- python=3.6.3=h1284df2_4
- python-dateutil=2.6.0=py36_0
- pytz=2017.2=py36_0
- pyzmq=16.0.2=py36_0
- qtconsole=4.3.0=py36_0
- requests=2.14.2=py36_0
- scipy=1.1.0=py36hfc37229_0
- seaborn=0.7.1=py36_0
- setuptools=27.2.0=py36_0
- simplegeneric=0.8.1=py36_1
- sip=4.18=py36_0
- six=1.10.0=py36_0
- sqlite=3.24.0=h84994c4_0
- terminado=0.6=py36_0
- testpath=0.3=py36_0
- tornado=4.5.1=py36_0
- tqdm=4.11.2=py36_0
- traitlets=4.3.2=py36_0
- wcwidth=0.1.7=py36_0
- wheel=0.29.0=py36_0
- widgetsnbextension=2.0.0=py36_0
- zeromq=4.1.5=0
- cuda80=1.0=h205658b_0
- pytorch=1.0.0=py3.6_cuda10.0.130_cudnn7.4.1_1
- torchvision=0.2.1=py36_1
prefix: /home/chahuja/bin/conda3/envs/torch

